{
  "Molecule": {
    "Atoms": [
      {
        "Basis": [
          {
            "Coefficients": [
              -0.005389350399539763,
              -0.04023472135796575,
              -0.1800818421023998,
              -0.46828857657803885,
              -0.4469261715735337
            ],
            "Exponents": [
              2266.1767785,
              340.87010191,
              77.363135167,
              21.47964494,
              6.6589433124
            ],
            "Shell": "s"
          },
          {
            "Coefficients": [
              1.0
            ],
            "Exponents": [
              0.8097597567
            ],
            "Shell": "s"
          },
          {
            "Coefficients": [
              1.0
            ],
            "Exponents": [
              0.2553077223
            ],
            "Shell": "s"
          },
          {
            "Coefficients": [
              0.06263024877280561,
              0.3333113848932421,
              0.7414863830180661
            ],
            "Exponents": [
              17.721504317,
              3.863550544,
              1.0480920883
            ],
            "Shell": "p"
          },
          {
            "Coefficients": [
              1.0
            ],
            "Exponents": [
              0.2764154441
            ],
            "Shell": "p"
          },
          {
            "Coefficients": [
              1.0000000000000004
            ],
            "Exponents": [
              1.2
            ],
            "Shell": "d"
          }
        ],
        "Coords": [
          5.0,
          7.147077,
          7.650971
        ],
        "ElementLabel": "O",
        "ElementNumber": 8,
        "Idx": 0,
        "NuclearCharge": 8.0
      },
      {
        "Basis": [
          {
            "Coefficients": [
              0.03348548481298865,
              0.23472187088124857,
              0.8137702852595533
            ],
            "Exponents": [
              13.010701,
              1.9622572,
              0.44453796
            ],
            "Shell": "s"
          },
          {
            "Coefficients": [
              0.9999999999999998
            ],
            "Exponents": [
              0.12194962
            ],
            "Shell": "s"
          },
          {
            "Coefficients": [
              1.0
            ],
            "Exponents": [
              0.8
            ],
            "Shell": "p"
          }
        ],
        "Coords": [
          4.068066,
          6.942975,
          7.563761
        ],
        "ElementLabel": "H",
        "ElementNumber": 1,
        "Idx": 1,
        "NuclearCharge": 1.0
      },
      {
        "Basis": [
          {
            "Coefficients": [
              0.03348548481298865,
              0.23472187088124857,
              0.8137702852595533
            ],
            "Exponents": [
              13.010701,
              1.9622572,
              0.44453796
            ],
            "Shell": "s"
          },
          {
            "Coefficients": [
              0.9999999999999998
            ],
            "Exponents": [
              0.12194962
            ],
            "Shell": "s"
          },
          {
            "Coefficients": [
              1.0
            ],
            "Exponents": [
              0.8
            ],
            "Shell": "p"
          }
        ],
        "Coords": [
          5.380237,
          6.896963,
          6.807984
        ],
        "ElementLabel": "H",
        "ElementNumber": 1,
        "Idx": 2,
        "NuclearCharge": 1.0
      }
    ],
    "BaseName": "h2o",
    "Charge": 0,
    "CoordinateUnits": "Angs",
    "Densities": {
      "scfp": [
        [
          2.1350979728841923,
          0.278964436156524,
          0.24529373371373064,
          0.05021600765179826,
          0.029782962876412328,
          0.024520520372105288,
          0.05694051505038105,
          0.03377125099850635,
          0.027804103762708587,
          -0.001243410379120428,
          -0.0016254458422546377,
          -0.0015508866162663902,
          -0.0003937488309662759,
          -0.000899592087883628,
          0.07254715528512277,
          -0.010196012288426322,
          0.0030315673071621037,
          0.020400328102056754,
          0.004893815153242535,
          0.07254714733252064,
          -0.010196012069200658,
          0.01900411855616151,
          -0.007331027740174539,
          0.005866229756289748
        ],
        [
          0.278964436156524,
          0.6880081693056948,
          0.45004332801923097,
          0.09921276074520838,
          0.05884279003567392,
          0.04844567776869476,
          0.11881337794905489,
          0.07046786257431144,
          0.05801667727179173,
          -0.0020618744122710563,
          -0.004850334618918418,
          -0.0018904467420873864,
          0.0018947304266523485,
          -0.0013213145327028227,
          0.13211955620850638,
          -0.014159900777899135,
          0.0054514807255341925,
          0.030291408405016228,
          0.007627094998521656,
          0.1321195446998653,
          -0.014159900777443349,
          0.02868448859077828,
          -0.010045466250425275,
          0.009041528906986984
        ],
        [
          0.24529373371373064,
          0.45004332801923097,
          0.38735772609754837,
          0.24908370709437253,
          0.14773081386722567,
          0.1216277948187862,
          0.19225518515115994,
          0.11402598065399193,
          0.0938783764725387,
          -0.004884966352557725,
          -0.006928311601304413,
          -0.005921446651733126,
          -0.0009056145314725641,
          -0.003491313639955534,
          -0.022751087241563522,
          -0.03156056261610898,
          0.012345919378972902,
          0.0055849752014129304,
          0.005709721525448876,
          -0.02275107394622826,
          -0.03156056203826076,
          0.010854172639291261,
          0.00817492890553899,
          0.005618903552059268
        ],
        [
          0.05021600765179826,
          0.09921276074520838,
          0.24908370709437253,
          0.603743851164198,
          0.06763240310566832,
          -0.06213591963529766,
          0.38026157110712955,
          0.08817391970690965,
          -0.07818752062835627,
          -0.020106773015532417,
          -0.0049424273997363145,
          -0.007628293184929351,
          -0.0021750080487135475,
          0.0016330276490106612,
          -0.0423789547885313,
          -0.005518850803899583,
          0.029492483058407685,
          -0.006446274676465304,
          -0.003910433451946412,
          -0.3628025367016588,
          -0.0881405527712291,
          -0.024924820535368354,
          0.032887396582035114,
          -0.017342408459319007
        ],
        [
          0.029782962876412328,
          0.05884279003567392,
          0.14773081386722567,
          0.06763240310566832,
          0.5205938262738035,
          -0.025641746311518096,
          0.08817391813119455,
          0.2720779104401668,
          -0.03202528761438091,
          0.008952507396432503,
          -0.01616106709103375,
          0.001428755955245263,
          -0.013409405726165162,
          -0.008942584127573225,
          -0.39831378441612103,
          -0.09949795171971547,
          0.0017854288920384534,
          -0.041868520304992364,
          -0.01373608335283464,
          0.15800184875993728,
          0.043948848351409026,
          0.02465569286105218,
          0.014166496840465384,
          0.005224805682600796
        ],
        [
          0.024520520372105288,
          0.04844567776869476,
          0.1216277948187862,
          -0.06213591963529766,
          -0.025641746311518096,
          0.7719094743914958,
          -0.07818752091754175,
          -0.03202528701641656,
          0.5933981850411044,
          0.006147475855694567,
          0.0027019845317852783,
          -0.01767395797519505,
          0.007738577225893819,
          -0.010316999884737185,
          -0.0891714860561757,
          -0.020351961739417414,
          -0.002399927595784331,
          -0.016859754917832023,
          0.032675866765482856,
          -0.10867899242525889,
          -0.025382005544040003,
          -0.01885291434344575,
          0.008348477305452955,
          0.031058150398247213
        ],
        [
          0.05694051505038105,
          0.11881337794905489,
          0.19225518515115994,
          0.38026157110712955,
          0.08817391813119455,
          -0.07818752091754175,
          0.249956311872014,
          0.08219824952313404,
          -0.07765433239307463,
          -0.01190102218930169,
          -0.004803752382236681,
          -0.0036540495447815566,
          -0.0026421184452175978,
          0.0007372006513714699,
          -0.04104725438189431,
          -0.011241669847824985,
          0.018470900929462374,
          -0.0037270295217779526,
          -0.0046149985446420315,
          -0.18873912941802581,
          -0.04932424294959142,
          -0.009606953690651725,
          0.019603586770285435,
          -0.010988522323904307
        ],
        [
          0.03377125099850635,
          0.07046786257431144,
          0.11402598065399193,
          0.08817391970690965,
          0.2720779104401668,
          -0.03202528701641656,
          0.08219824952313404,
          0.14873105651501872,
          -0.032227930512545896,
          0.002703880836466563,
          -0.008860493350720615,
          0.00040416579797040737,
          -0.007026720221455623,
          -0.004237718435237237,
          -0.19635323996481732,
          -0.051019976056683826,
          0.003555814312828228,
          -0.019823790666493327,
          -0.007578651033868537,
          0.06006762968964659,
          0.015098519664902789,
          0.012320742510975227,
          0.009088758146407075,
          0.0010527741819564094
        ],
        [
          0.027804103762708587,
          0.05801667727179173,
          0.0938783764725387,
          -0.07818752062835627,
          -0.03202528761438091,
          0.5933981850411044,
          -0.07765433239307463,
          -0.032227930512545896,
          0.4589633371967164,
          0.005517769758049956,
          0.0024799770852466257,
          -0.013134861009305355,
          0.0063731846888987,
          -0.007804228580665063,
          -0.051606676144456305,
          -0.013627951508226146,
          -0.0032786070953925266,
          -0.010342260292774692,
          0.02568845889246851,
          -0.060598215327272005,
          -0.015946435838534424,
          -0.012324913851074553,
          0.0038163836020188805,
          0.024853760452843297
        ],
        [
          -0.001243410379120428,
          -0.0020618744122710563,
          -0.004884966352557725,
          -0.020106773015532417,
          0.008952507396432503,
          0.006147475855694567,
          -0.01190102218930169,
          0.002703880836466563,
          0.005517769758049956,
          0.0009407264061725702,
          -0.00016617806915150143,
          0.0001960506859778954,
          -0.00017442362140364566,
          -0.00031517197149120567,
          -0.007862873296200163,
          -0.002118836819188835,
          -0.001012163082831319,
          -0.0008050751677836023,
          2.4427035637313076e-05,
          0.015561545461224652,
          0.003921184244620443,
          0.0013015526572997228,
          -0.0007907708671964816,
          0.0009050338841091196
        ],
        [
          -0.0016254458422546377,
          -0.004850334618918418,
          -0.006928311601304413,
          -0.0049424273997363145,
          -0.01616106709103375,
          0.0027019845317852783,
          -0.004803752382236681,
          -0.008860493350720615,
          0.0024799770852466257,
          -0.00016617806915150143,
          0.0005300021112971457,
          -4.86672051876799e-05,
          0.00042103848616306476,
          0.00024157008817651408,
          0.01134307584045092,
          0.0030090739254138655,
          -0.00019678555078198273,
          0.001116256475042177,
          0.0004759240035964827,
          -0.004116196228239481,
          -0.0009771219736597048,
          -0.0008027221664459259,
          -0.0004922692023411728,
          -4.9171993542739e-05
        ],
        [
          -0.0015508866162663902,
          -0.0018904467420873864,
          -0.005921446651733126,
          -0.007628293184929351,
          0.001428755955245263,
          -0.01767395797519505,
          -0.0036540495447815566,
          0.00040416579797040737,
          -0.013134861009305355,
          0.0001960506859778954,
          -4.86672051876799e-05,
          0.0005487307884242752,
          -0.00019721736235398787,
          0.0001907109060858288,
          0.0015361238905499488,
          0.00021770806191161537,
          -0.0003927864172397106,
          0.0003863049291885421,
          -0.0007676526036395454,
          0.008963302825452761,
          0.0021328173306997735,
          0.0009545294568319666,
          -0.0006746689619067369,
          -0.0004510759303638414
        ],
        [
          -0.0003937488309662759,
          0.0018947304266523485,
          -0.0009056145314725641,
          -0.0021750080487135475,
          -0.013409405726165162,
          0.007738577225893819,
          -0.0026421184452175978,
          -0.007026720221455623,
          0.0063731846888987,
          -0.00017442362140364566,
          0.00042103848616306476,
          -0.00019721736235398787,
          0.0004238531510543438,
          0.00013239554256755623,
          0.010060170302408829,
          0.002324262847017015,
          -5.9035478128715364e-05,
          0.0010613531684764259,
          0.0006777115119121042,
          -0.004268011845373767,
          -0.0013702799091429364,
          -0.0006660740826664147,
          -0.0003505983295175863,
          0.00018826841709977383
        ],
        [
          -0.000899592087883628,
          -0.0013213145327028227,
          -0.003491313639955534,
          0.0016330276490106612,
          -0.008942584127573225,
          -0.010316999884737185,
          0.0007372006513714699,
          -0.004237718435237237,
          -0.007804228580665063,
          -0.00031517197149120567,
          0.00024157008817651408,
          0.0001907109060858288,
          0.00013239554256755623,
          0.0003104108776603118,
          0.008385717713490556,
          0.002080044482286232,
          9.888562022453457e-05,
          0.0009789811233173367,
          -0.0002089442215937094,
          -0.0025914410142896184,
          -0.0007504319347772065,
          -0.00027251930067949756,
          -0.00026536259653841925,
          -0.0005782159333591273
        ],
        [
          0.07254715528512277,
          0.13211955620850638,
          -0.022751087241563522,
          -0.0423789547885313,
          -0.39831378441612103,
          -0.0891714860561757,
          -0.04104725438189431,
          -0.19635323996481732,
          -0.051606676144456305,
          -0.007862873296200163,
          0.01134307584045092,
          0.0015361238905499488,
          0.010060170302408829,
          0.008385717713490556,
          0.371646961490107,
          0.07907319423794412,
          -0.0007881249676999478,
          0.04501041776351995,
          0.007960278880728353,
          -0.055820453983004226,
          -0.031149902201013133,
          -0.0074779392284447,
          -0.01694208458409226,
          -0.005946490140849947
        ],
        [
          -0.010196012288426322,
          -0.014159900777899135,
          -0.03156056261610898,
          -0.005518850803899583,
          -0.09949795171971547,
          -0.020351961739417414,
          -0.011241669847824985,
          -0.051019976056683826,
          -0.013627951508226146,
          -0.002118836819188835,
          0.0030090739254138655,
          0.00021770806191161537,
          0.002324262847017015,
          0.002080044482286232,
          0.07907319423794412,
          0.019906787994355895,
          1.6686318608486264e-06,
          0.008467817708665568,
          0.0015544656569863775,
          -0.031149901776464886,
          -0.008514398585638776,
          -0.00452219632802886,
          -0.002647331684175383,
          -0.0022018122910421882
        ],
        [
          0.0030315673071621037,
          0.0054514807255341925,
          0.012345919378972902,
          0.029492483058407685,
          0.0017854288920384534,
          -0.002399927595784331,
          0.018470900929462374,
          0.003555814312828228,
          -0.0032786070953925266,
          -0.001012163082831319,
          -0.00019678555078198273,
          -0.0003927864172397106,
          -5.9035478128715364e-05,
          9.888562022453457e-05,
          -0.0007881249676999478,
          1.6686318608486264e-06,
          0.0014464215705703488,
          -0.00016723787590752255,
          -0.00011985465915612472,
          -0.018216806646127705,
          -0.004492343055472493,
          -0.0012792844958104538,
          0.0015656187373781871,
          -0.0008361972879750907
        ],
        [
          0.020400328102056754,
          0.030291408405016228,
          0.0055849752014129304,
          -0.006446274676465304,
          -0.041868520304992364,
          -0.016859754917832023,
          -0.0037270295217779526,
          -0.019823790666493327,
          -0.010342260292774692,
          -0.0008050751677836023,
          0.001116256475042177,
          0.0003863049291885421,
          0.0010613531684764259,
          0.0009789811233173367,
          0.04501041776351995,
          0.008467817708665568,
          -0.00016723787590752255,
          0.0059121701600383545,
          0.000712878863840944,
          0.0017026084312479518,
          -0.0026991638273922854,
          0.00036976824977666715,
          -0.0024734612579706446,
          -0.0006220956482960836
        ],
        [
          0.004893815153242535,
          0.007627094998521656,
          0.005709721525448876,
          -0.003910433451946412,
          -0.01373608335283464,
          0.032675866765482856,
          -0.0046149985446420315,
          -0.007578651033868537,
          0.02568845889246851,
          2.4427035637313076e-05,
          0.0004759240035964827,
          -0.0007676526036395454,
          0.0006777115119121042,
          -0.0002089442215937094,
          0.007960278880728353,
          0.0015544656569863775,
          -0.00011985465915612472,
          0.000712878863840944,
          0.0017667308102641258,
          -0.006600276658082274,
          -0.002199995041135574,
          -0.0010556341456776103,
          -0.00016830815060251444,
          0.0012499353901518568
        ],
        [
          0.07254714733252064,
          0.1321195446998653,
          -0.02275107394622826,
          -0.3628025367016588,
          0.15800184875993728,
          -0.10867899242525889,
          -0.18873912941802581,
          0.06006762968964659,
          -0.060598215327272005,
          0.015561545461224652,
          -0.004116196228239481,
          0.008963302825452761,
          -0.004268011845373767,
          -0.0025914410142896184,
          -0.055820453983004226,
          -0.031149901776464886,
          -0.018216806646127705,
          0.0017026084312479518,
          -0.006600276658082274,
          0.3716469382475175,
          0.07907320146606443,
          0.03826063734707639,
          -0.022785581635926744,
          0.010337581976117644
        ],
        [
          -0.010196012069200658,
          -0.014159900777443349,
          -0.03156056203826076,
          -0.0881405527712291,
          0.043948848351409026,
          -0.025382005544040003,
          -0.04932424294959142,
          0.015098519664902789,
          -0.015946435838534424,
          0.003921184244620443,
          -0.0009771219736597048,
          0.0021328173306997735,
          -0.0013702799091429364,
          -0.0007504319347772065,
          -0.031149902201013133,
          -0.008514398585638776,
          -0.004492343055472493,
          -0.0026991638273922854,
          -0.002199995041135574,
          0.07907320146606443,
          0.019906792190063475,
          0.007271563584413891,
          -0.004154086839877708,
          0.001997059753918549
        ],
        [
          0.01900411855616151,
          0.02868448859077828,
          0.010854172639291261,
          -0.024924820535368354,
          0.02465569286105218,
          -0.01885291434344575,
          -0.009606953690651725,
          0.012320742510975227,
          -0.012324913851074553,
          0.0013015526572997228,
          -0.0008027221664459259,
          0.0009545294568319666,
          -0.0006660740826664147,
          -0.00027251930067949756,
          -0.0074779392284447,
          -0.00452219632802886,
          -0.0012792844958104538,
          0.00036976824977666715,
          -0.0010556341456776103,
          0.03826063734707639,
          0.007271563584413891,
          0.0046030051567183755,
          -0.0019713693438047878,
          0.0007469136567209931
        ],
        [
          -0.007331027740174539,
          -0.010045466250425275,
          0.00817492890553899,
          0.032887396582035114,
          0.014166496840465384,
          0.008348477305452955,
          0.019603586770285435,
          0.009088758146407075,
          0.0038163836020188805,
          -0.0007907708671964816,
          -0.0004922692023411728,
          -0.0006746689619067369,
          -0.0003505983295175863,
          -0.00026536259653841925,
          -0.01694208458409226,
          -0.002647331684175383,
          0.0015656187373781871,
          -0.0024734612579706446,
          -0.00016830815060251444,
          -0.022785581635926744,
          -0.004154086839877708,
          -0.0019713693438047878,
          0.0026617474954349967,
          -0.0005681799424907067
        ],
        [
          0.005866229756289748,
          0.009041528906986984,
          0.005618903552059268,
          -0.017342408459319007,
          0.005224805682600796,
          0.031058150398247213,
          -0.010988522323904307,
          0.0010527741819564094,
          0.024853760452843297,
          0.0009050338841091196,
          -4.9171993542739e-05,
          -0.0004510759303638414,
          0.00018826841709977383,
          -0.0005782159333591273,
          -0.005946490140849947,
          -0.0022018122910421882,
          -0.0008361972879750907,
          -0.0006220956482960836,
          0.0012499353901518568,
          0.010337581976117644,
          0.001997059753918549,
          0.0007469136567209931,
          -0.0005681799424907067,
          0.001860569362163431
        ]
      ]
    },
    "H-Matrix": [
      [
        -33.03205958583137,
        11.11727993991616,
        5.1333299882278585,
        -0.02108583224587373,
        -0.012505945335997434,
        -0.010296230612782696,
        -0.0028269220977515555,
        -0.0016766392149604773,
        -0.001380388571030672,
        0.00028576927138157515,
        -0.0007420901287414417,
        0.0007091565444575663,
        0.0014094678678331363,
        0.00029498344307058355,
        1.5634017206731539,
        2.038150893095207,
        0.27003310607378883,
        2.893461442678478,
        0.6334150817507678,
        1.5634015233063623,
        2.0381508226920744,
        2.6169378353431423,
        -1.1812072207278024,
        0.7762954321905697
      ],
      [
        11.11727993991616,
        -11.376709148139948,
        -7.754830147450999,
        0.14719761813540091,
        0.08730247573248212,
        0.07187672759741073,
        0.10864948890073309,
        0.06443969150258083,
        0.0530536415433479,
        -0.014332678165047241,
        0.037219322644469824,
        -0.03556754779140167,
        -0.07069146538907667,
        -0.014794811642591887,
        -3.121053309651798,
        -3.7031775396886193,
        -0.37736152347080254,
        -4.275071777566221,
        -0.9276663515106729,
        -3.121053003273145,
        -3.7031774232333863,
        -3.8559046704085858,
        1.7643339681572874,
        -1.1394412963382132
      ],
      [
        5.1333299882278585,
        -7.754830147450999,
        -7.097890710225825,
        0.13390749624654094,
        0.07942014234600794,
        0.06538714908726233,
        0.1981815408762434,
        0.117540880306966,
        0.09677222039824987,
        -0.01737504416398572,
        0.04511978397147497,
        -0.043117390247799016,
        -0.0856969804911083,
        -0.017935271957247447,
        -3.4290511473148064,
        -4.243231528546291,
        -0.24837626989034592,
        -3.042691394129944,
        -0.6525804793984292,
        -3.4290509207007642,
        -4.243231418127596,
        -2.7344437641028354,
        1.2735896501128434,
        -0.8039331776340797
      ],
      [
        -0.02108583224587373,
        0.14719761813540091,
        0.13390749624654094,
        -8.524596993254448,
        0.022085244035667136,
        -0.021105112025969583,
        -3.8209800862586802,
        0.020223291259870303,
        -0.019325791534613543,
        0.1484142902492277,
        0.024020090110272414,
        0.07103084160527798,
        0.009143238669382305,
        -0.008231244930807294,
        0.235591360438538,
        0.13793633747404635,
        -1.3610078390068152,
        0.4344330583243814,
        0.09132262661542521,
        1.990700847445483,
        0.7893523494485379,
        2.0512396590306485,
        -1.5724147771803993,
        1.0179090141794407
      ],
      [
        -0.012505945335997434,
        0.08730247573248212,
        0.07942014234600794,
        0.022085244035667136,
        -8.55181333246539,
        -0.008778962249004608,
        0.020223291259870303,
        -3.8459018802018985,
        -0.008038828901628997,
        -0.08195591823140858,
        0.12351559076340132,
        -0.008231244930807294,
        0.10594232765884867,
        0.07544981562373189,
        2.1838038877103045,
        0.8404764318892777,
        0.37784006069142684,
        2.8039963503419805,
        0.9132623898848524,
        -0.8633965366671896,
        -0.29050430410511763,
        -1.5158217828124725,
        -0.7096900985283163,
        -0.4500789658147747
      ],
      [
        -0.010296230612782696,
        0.07187672759741073,
        0.06538714908726233,
        -0.021105112025969583,
        -0.008778962249004608,
        -8.467919367681601,
        -0.019325791534613543,
        -0.008038828901628997,
        -3.7690808127777977,
        -0.023086793108137826,
        -0.008231244930807294,
        0.10522911342463671,
        -0.03556852462867178,
        0.06002957680918382,
        0.49012437839612205,
        0.2065687100283249,
        0.08093789232186421,
        0.9347376454030941,
        -1.1893531171870446,
        0.596976077413409,
        0.24622716540719702,
        1.0282937478738803,
        -0.47155422009403647,
        -1.0879138431160607
      ],
      [
        -0.0028269220977515555,
        0.10864948890073309,
        0.1981815408762434,
        -3.8209800862586802,
        0.020223291259870303,
        -0.019325791534613543,
        -4.754928156221083,
        0.047120227703046934,
        -0.04502905358393532,
        0.14121967654443832,
        0.0039642206637154785,
        0.07057957027384301,
        0.01200829522423387,
        -0.010810526381683793,
        0.3340421003251989,
        0.2758659361840551,
        -1.7759086462043243,
        0.30963361519836435,
        0.061430420868893214,
        2.8553480529509265,
        1.6120148352337138,
        0.6194548251381138,
        -1.126364108674495,
        0.7068916343021656
      ],
      [
        -0.0016766392149604773,
        0.06443969150258083,
        0.117540880306966,
        0.020223291259870303,
        -3.8459018802018985,
        -0.008038828901628997,
        0.047120227703046934,
        -4.812995869802809,
        -0.01873045139703165,
        -0.09171217349929806,
        0.11571342301535015,
        -0.010810526381683793,
        0.11155699444692227,
        0.07638323948971565,
        3.134539632816595,
        1.7197510920911956,
        0.2426951824549683,
        1.1578239989813564,
        0.6326616534348573,
        -1.2429218820172132,
        -0.6000547214853186,
        -1.0594256778658795,
        -1.3087484243850187,
        -0.3140646387567479
      ],
      [
        -0.001380388571030672,
        0.0530536415433479,
        0.09677222039824987,
        -0.019325791534613543,
        -0.008038828901628997,
        -3.7690808127777977,
        -0.04502905358393532,
        -0.01873045139703165,
        -4.634002956936819,
        -0.01721007074789535,
        -0.010810526381683793,
        0.09169683256688241,
        -0.024005047721337013,
        0.051257370390149395,
        0.7019419776173468,
        0.42025428242928203,
        0.04914731399803952,
        0.6580626748912333,
        -1.6486619589078548,
        0.8554400290332189,
        0.5015995410901509,
        0.7191747408179866,
        -0.3394656594789207,
        -1.5774526002667244
      ],
      [
        0.00028576927138157515,
        -0.014332678165047241,
        -0.01737504416398572,
        0.1484142902492277,
        -0.08195591823140858,
        -0.023086793108137826,
        0.14121967654443832,
        -0.09171217349929806,
        -0.01721007074789535,
        -4.389387415856371,
        0.045237233212125486,
        -0.02823305270881922,
        0.0650030866111937,
        0.029891973230613364,
        0.6873786987181354,
        0.08035382534346391,
        0.3204514537076451,
        0.4042696386931435,
        0.08502186019249869,
        -0.9614617508320933,
        -0.14060073051463906,
        0.020470466906017837,
        1.1519271982312258,
        -0.7559999152046758
      ],
      [
        -0.0007420901287414417,
        0.037219322644469824,
        0.04511978397147497,
        0.024020090110272414,
        0.12351559076340132,
        -0.008231244930807294,
        0.0039642206637154785,
        0.11571342301535015,
        -0.010810526381683793,
        0.045237233212125486,
        -4.400154058928625,
        0.00960474234087192,
        0.013487310598068122,
        -0.02978592387537682,
        -0.2377627338669207,
        -0.022289493308283656,
        1.595752211774099,
        -0.3040821246740284,
        -0.10032893208846357,
        0.8504125470364597,
        0.12353255221051501,
        0.8456810973093242,
        0.8093836499780989,
        0.4444844412826436
      ],
      [
        0.0007091565444575663,
        -0.03556754779140167,
        -0.043117390247799016,
        0.07103084160527798,
        -0.008231244930807294,
        0.10522911342463671,
        0.07057957027384301,
        -0.010810526381683793,
        0.09169683256688241,
        -0.02823305270881922,
        0.00960474234087192,
        -4.312211377984802,
        0.013802428114451483,
        0.02306493523610086,
        -0.06301487882216585,
        -0.03099746022618178,
        0.35819936746036923,
        -0.11671444256735085,
        0.14515139126060286,
        -0.5858126149393166,
        -0.10105550932481223,
        -0.5821387505676654,
        0.4728651863302945,
        1.181260509935062
      ],
      [
        0.0014094678678331363,
        -0.07069146538907667,
        -0.0856969804911083,
        0.009143238669382305,
        0.10594232765884867,
        -0.03556852462867178,
        0.01200829522423387,
        0.11155699444692227,
        -0.024005047721337013,
        0.0650030866111937,
        0.013487310598068122,
        0.013802428114451483,
        -4.368317128515074,
        -0.019282931368306208,
        -1.1216177235162814,
        -0.18351709085283074,
        -0.19595854202521823,
        -0.547503162979794,
        -0.8375708872178582,
        -0.11305967706748876,
        -0.04836424017154206,
        -0.186979078251569,
        -0.5660858322212947,
        -0.4986534079928127
      ],
      [
        0.00029498344307058355,
        -0.014794811642591887,
        -0.017935271957247447,
        -0.008231244930807294,
        0.07544981562373189,
        0.06002957680918382,
        -0.010810526381683793,
        0.07638323948971565,
        0.051257370390149395,
        0.029891973230613364,
        -0.02978592387537682,
        0.02306493523610086,
        -0.019282931368306208,
        -4.335452741178801,
        -0.5238818036266756,
        -0.08068357508218248,
        -0.08887401333172092,
        -0.6582455590321085,
        1.41042421565366,
        0.2487983448677724,
        0.022860219104200694,
        0.44310029092851055,
        0.24522448221553622,
        -0.51993354712215
      ],
      [
        1.5634017206731539,
        -3.121053309651798,
        -3.4290511473148064,
        0.235591360438538,
        2.1838038877103045,
        0.49012437839612205,
        0.3340421003251989,
        3.134539632816595,
        0.7019419776173468,
        0.6873786987181354,
        -0.2377627338669207,
        -0.06301487882216585,
        -1.1216177235162814,
        -0.5238818036266756,
        -5.130506862842433,
        -3.5685197174059287,
        -0.09400444841439032,
        -1.469531067299106,
        -0.30532857318593964,
        -0.9399078994088828,
        -1.8853424343671477,
        -0.733896694359366,
        0.9151391163716033,
        -0.11056389892567368
      ],
      [
        2.038150893095207,
        -3.7031775396886193,
        -4.243231528546291,
        0.13793633747404635,
        0.8404764318892777,
        0.2065687100283249,
        0.2758659361840551,
        1.7197510920911956,
        0.42025428242928203,
        0.08035382534346391,
        -0.022289493308283656,
        -0.03099746022618178,
        -0.18351709085283074,
        -0.08068357508218248,
        -3.5685197174059287,
        -4.216044270681163,
        -0.07418846923136516,
        -1.201215322625494,
        -0.24857347863615592,
        -1.8853423961164508,
        -2.961771075081888,
        -1.0274951730610034,
        0.9814024903429297,
        -0.2098160158434876
      ],
      [
        0.27003310607378883,
        -0.37736152347080254,
        -0.24837626989034592,
        -1.3610078390068152,
        0.37784006069142684,
        0.08093789232186421,
        -1.7759086462043243,
        0.2426951824549683,
        0.04914731399803952,
        0.3204514537076451,
        1.595752211774099,
        0.35819936746036923,
        -0.19595854202521823,
        -0.08887401333172092,
        -0.09400444841439032,
        -0.07418846923136516,
        -3.3058852573024016,
        -0.08767709390018236,
        -0.02358816242918938,
        0.42561019887922114,
        0.3384233309447947,
        0.15821574078617642,
        -0.6526063742315859,
        0.045324089605431606
      ],
      [
        2.893461442678478,
        -4.275071777566221,
        -3.042691394129944,
        0.4344330583243814,
        2.8039963503419805,
        0.9347376454030941,
        0.30963361519836435,
        1.1578239989813564,
        0.6580626748912333,
        0.4042696386931435,
        -0.3040821246740284,
        -0.11671444256735085,
        -0.547503162979794,
        -0.6582455590321085,
        -1.469531067299106,
        -1.201215322625494,
        -0.08767709390018236,
        -4.437492860721514,
        -0.2445456023781593,
        -1.0979829186197703,
        -1.3900889709298303,
        -1.125925121695781,
        1.1876597191633915,
        -0.1585259433544417
      ],
      [
        0.6334150817507678,
        -0.9276663515106729,
        -0.6525804793984292,
        0.09132262661542521,
        0.9132623898848524,
        -1.1893531171870446,
        0.061430420868893214,
        0.6326616534348573,
        -1.6486619589078548,
        0.08502186019249869,
        -0.10032893208846357,
        0.14515139126060286,
        -0.8375708872178582,
        1.41042421565366,
        -0.30532857318593964,
        -0.24857347863615592,
        -0.02358816242918938,
        -0.2445456023781593,
        -3.339946708678943,
        -0.03997266784328368,
        -0.12665837474513716,
        -0.04152922501232805,
        0.02108357493418363,
        -0.28869467999337717
      ],
      [
        1.5634015233063623,
        -3.121053003273145,
        -3.4290509207007642,
        1.990700847445483,
        -0.8633965366671896,
        0.596976077413409,
        2.8553480529509265,
        -1.2429218820172132,
        0.8554400290332189,
        -0.9614617508320933,
        0.8504125470364597,
        -0.5858126149393166,
        -0.11305967706748876,
        0.2487983448677724,
        -0.9399078994088828,
        -1.8853423961164508,
        0.42561019887922114,
        -1.0979829186197703,
        -0.03997266784328368,
        -5.130506684600421,
        -3.5685196193451407,
        -1.3079195677934259,
        0.6380540571202377,
        -0.3792321659074241
      ],
      [
        2.0381508226920744,
        -3.7031774232333863,
        -4.243231418127596,
        0.7893523494485379,
        -0.29050430410511763,
        0.24622716540719702,
        1.6120148352337138,
        -0.6000547214853186,
        0.5015995410901509,
        -0.14060073051463906,
        0.12353255221051501,
        -0.10105550932481223,
        -0.04836424017154206,
        0.022860219104200694,
        -1.8853424343671477,
        -2.961771075081888,
        0.3384233309447947,
        -1.3900889709298303,
        -0.12665837474513716,
        -3.5685196193451407,
        -4.216044204747972,
        -1.0678103257499985,
        0.52389921343237,
        -0.3090655415680664
      ],
      [
        2.6169378353431423,
        -3.8559046704085858,
        -2.7344437641028354,
        2.0512396590306485,
        -1.5158217828124725,
        1.0282937478738803,
        0.6194548251381138,
        -1.0594256778658795,
        0.7191747408179866,
        0.020470466906017837,
        0.8456810973093242,
        -0.5821387505676654,
        -0.186979078251569,
        0.44310029092851055,
        -0.733896694359366,
        -1.0274951730610034,
        0.15821574078617642,
        -1.125925121695781,
        -0.04152922501232805,
        -1.3079195677934259,
        -1.0678103257499985,
        -4.213618728091188,
        0.43113403719672083,
        -0.27284330097637083
      ],
      [
        -1.1812072207278024,
        1.7643339681572874,
        1.2735896501128434,
        -1.5724147771803993,
        -0.7096900985283163,
        -0.47155422009403647,
        -1.126364108674495,
        -1.3087484243850187,
        -0.3394656594789207,
        1.1519271982312258,
        0.8093836499780989,
        0.4728651863302945,
        -0.5660858322212947,
        0.24522448221553622,
        0.9151391163716033,
        0.9814024903429297,
        -0.6526063742315859,
        1.1876597191633915,
        0.02108357493418363,
        0.6380540571202377,
        0.52389921343237,
        0.43113403719672083,
        -3.502773936829822,
        0.12384640191988319
      ],
      [
        0.7762954321905697,
        -1.1394412963382132,
        -0.8039331776340797,
        1.0179090141794407,
        -0.4500789658147747,
        -1.0879138431160607,
        0.7068916343021656,
        -0.3140646387567479,
        -1.5774526002667244,
        -0.7559999152046758,
        0.4444844412826436,
        1.181260509935062,
        -0.4986534079928127,
        -0.51993354712215,
        -0.11056389892567368,
        -0.2098160158434876,
        0.045324089605431606,
        -0.1585259433544417,
        -0.28869467999337717,
